USER INPUT: [[100.   90.  110.   34.7  79.    6.  100. ]]
USER INPUT: [[100.   90.  110.   34.7  79.    6.  100. ]]
USER INPUT: [[100.   90.  110.   34.7  79.    6.  100. ]]
USER INPUT: [[100.   80.   40.   34.6  79.    6.  150. ]]
USER INPUT: [[ 60.   80.   40.   34.6  79.    6.  150. ]]
USER INPUT: [[ 60.  80.  40.  25.  79.   6. 150.]]
USER INPUT: [[ 60.  80.  80.  25.  79.   6. 150.]]
USER INPUT: [[ 80.  80.  80.  25.  79.   6. 150.]]
USER INPUT: [[ 80.  80.  80.  25.  79.   6. 200.]]
USER INPUT: [[ 80.  80.  80.  28.  85.   6. 200.]]
USER INPUT: [[ 80.  45.  80.  28.  85.   6. 200.]]
